00021000028238,
00021131501013,
00028400164948,
00036632035769,
00038000596582,
00060729774053,
00072945601338,
00077782008135,
00086993749948,
00095804046983,
00262898922623,
00334444675864,
00343620859459,
00346895203038,
00408671297586,
00669940784164,
00759959965772,
00931075385502,
01003152813147,
01020542751363,
01300476412751,
01375915992212,
01388807967198,
01469722328771,
01616874890529,
01755125713562,
01803698915973,
01945877482332,
02007080130850,
02077945435357,
02109878709062,
02485032349680,
02629372807294,
02719636336018,
02762349912774,
02962953799998,
03030816541260,
03172723751227,
03224172110551,
03247346557931,
03551695800949,
03672558661157,
03774389198176,
03912089798563,
04143982262573,
04237728023663,
04274217736200,
04387281455292,
04400465302020,
04476728226518,
04558501830967,
04657337009608,
04771251257201,
04790663827637,
04822289334134,
04823359999948,
04922967250412,
04958187092487,
04966918123335,
05136516402201,
05212973453725,
05231240267714,
05254056661181,
05270248735309,
05342706000884,
05345817298429,
05489646315633,
05513860398914,
05529937074940,
05723926751662,
05755248422297,
05869446897265,
06060780514050,
06063934725769,
06176991958785,
06428942697790,
06457712399206,
06459976352385,
06529739972533,
06576263688730,
06884315843463,
06943548640583,
07084369495655,
07114516099756,
07160246177906,
07176775094643,
07378751814769,
07381266696401,
07446239944299,
07467676409170,
07965800853102,
08068277535372,
08226840889059,
08325334726691,
08332125556698,
08707497027577,
08721841069453,
08725069892983,
08930936732188,
09028845516080,
09175686989853,
09298412436041,
09309201260701,
09409376428548,
09409960074287,
09498100940380,
09530108958705,
09587656098594,
09618814321433,
09805769668559,
09891879150334,
10336701977877,
10338897053648,
10596539647466,
10625959196364,
10673727935014,
10913333753180,
11117052234906,
11145314430476,
11224074147582,
11277871596640,
11303858962092,
11356880232909,
11498958805354,
11631259241353,
11634605630609,
11636603794642,
11723603099926,
11764236494677,
12039387088109,
12060672048012,
12099223551550,
12155563494997,
12294096867478,
12337436417574,
12409744469070,
12410094737555,
12456386199224,
12458763496690,
12484703228976,
13017764501523,
13113767186384,
13173366405815,
13175574175294,
13214642589561,
13223399672688,
13248944594569,
13353586018388,
13449829195773,
13624619143605,
13832538780651,
13999078380477,
14072719932056,
14146902856624,
14190969655488,
14217056680077,
14621527057399,
14637753059135,
14646850100594,
14801976722708,
14820900305332,
14921474647191,
15168301562986,
15283645424145,
15444386993010,
15873306502020,
15967395246906,
16063475958867,
16220635579884,
16281675320880,
16309976002069,
16389620141974,
16410955805772,
16646613282189,
16662236447990,
16753397337999,
16827984755991,
16847538966929,
16925990499358,
16974390603540,
16994615608468,
17065887695309,
17070315141711,
17108980550892,
17139815792818,
17153148573086,
17330222646347,
17364655578463,
17604455820631,
17738489065993,
17837262188238,
17977582723348,
17991845816367,
18211361590049,
18239406005658,
18378055700730,
18409608285540,
18462414589885,
18594004007248,
18685376359825,
18725498573431,
18801280376834,
18866207611772,
18955125809547,
19039409790925,
19259749642000,
19299666869111,
19302403907620,
19315686951956,
19403951695086,
19613353452703,
19676480933201,
19696029799015,
19754673110981,
20069124076652,
20076338969877,
20099053237863,
20110005329507,
20187339514367,
20202407079686,
20220147268959,
20237091885443,
20397556332701,
20465642650913,
20506784808340,
20520711870829,
20605577847315,
20741750475556,
20819912559836,
20954169027171,
21267730660293,
21334951754417,
21506297619253,
21522979342922,
21526090469351,
21892099912089,
21955861675171,
22004811494465,
22106305404182,
22174598495078,
22351735317653,
22354877096961,
22360632089468,
22385924531322,
22500622079994,
22574575928025,
22694923936040,
22808485554253,
22887751608285,
23045616376417,
23050422848700,
23105283511362,
23171322009885,
23314265319132,
23324550823754,
23449849430954,
23572321401152,
23584420321760,
23620603303302,
23672706797509,
23728487557003,
23977467373070,
24122025825628,
24154338927411,
24156702296196,
24185365953083,
24244238652172,
24258006346774,
24370142071764,
24560080571056,
24578336662867,
24831162852563,
24925010090164,
25206317901410,
25272194287877,
25299811321804,
25394639091688,
25451814310907,
25672868557189,
25904042220393,
25909171469222,
25927245775923,
26032983695880,
26137742166661,
26150713223031,
26285705734347,
26349453995507,
26630453284600,
26636596059890,
26892888987953,
26918758987241,
27221142695132,
27246049874361,
27296998078057,
27592868546025,
27659949341720,
27760044852047,
27818570156711,
27864527066051,
27891796966804,
27981733431023,
28130512316621,
28425603300868,
28521069425972,
28530865139579,
28680848584376,
28725087252604,
28763468757361,
28925719173554,
28945682698385,
29077340971333,
29081847984026,
29124045914330,
29526437048966,
29818477282222,
30021911702361,
30070132009042,
30229213497602,
30266775294863,
30298992519465,
30423907957284,
30511247908805,
30520748343620,
30702661172467,
30762713480711,
30889847690003,
30893703758356,
31010789416623,
31255571848229,
31496750492909,
31585438347147,
31611474824958,
31681088471358,
31837900485240,
31842339504471,
31867910734872,
31989202157486,
32050864564073,
32077277868540,
32411030924891,
32523019951361,
32589844230658,
32633170434355,
32781544497613,
33059843440547,
33139022167317,
33167690666194,
33207195561099,
33335713604857,
33451791965451,
33458722624109,
33465250318724,
33465829067429,
33780956922406,
33859487599537,
34031213168526,
34056903925903,
34178446506367,
34263268292457,
34458197701794,
34650233624022,
34720658179569,
35017669457466,
35047281436013,
35074644674641,
35082456625342,
35245479098935,
35302021986454,
35501131377035,
35548923204003,
35580892015724,
35597982630343,
35611031083826,
35622246526904,
35826441826296,
35934545101782,
36061098950135,
36104283750510,
36247759149928,
36347732290600,
36480688376637,
36520579246934,
36534048887776,
36569400536895,
36827496413689,
36956399125584,
37084262312712,
37100631454858,
37214064728589,
37240936176211,
37262611906790,
37274738561607,
37560280077592,
37800333129706,
37852678959573,
37885900423264,
37952104974383,
37971944181066,
38042956439130,
38159331027732,
38284198237671,
38335564896607,
38342323525291,
38377959064238,
38421304986133,
38435635910397,
38502019790482,
38551315536906,
38686244613247,
38760596333414,
38893391891963,
39249161291785,
39265783292657,
39389779402218,
39395369766859,
39447598302538,
39603748882060,
39742477893507,
40106639169438,
40177534683421,
40262715971420,
40529618593304,
40531258903353,
40594219692550,
40697720961440,
40731990184088,
40781732550483,
40848861318574,
41036241777917,
41087719915160,
41103068233323,
41113838921332,
41342371544734,
41349553787186,
41396496349756,
41700385107281,
41785405621397,
41887381077586,
41966350163845,
42140810828527,
42468462654003,
42496593799169,
42523984162291,
42538135481959,
42583052967722,
42831603789972,
42871587625948,
42979856684763,
43015609440914,
43017305243021,
43028605075228,
43108380615164,
43129371035019,
43304889134287,
43345963947101,
43512698870949,
43591488832893,
43768593609500,
43885084801625,
43987919894307,
43998820233513,
44285580554445,
44458957267744,
44478925251229,
44569837067395,
44772672496471,
44873405915128,
44969396198216,
44971820285096,
45045842743129,
45046024810091,
45178179390871,
45361382682424,
45403882875751,
45572342462578,
45644606944481,
46219593431993,
46353128351856,
46419673715688,
46695359449078,
46895859629840,
46907262631376,
46916370395918,
47138133152384,
47172866395781,
47324630744366,
47348256046578,
47490634425485,
47569593570875,
47688930240828,
47831185887929,
47879472445415,
48180094104196,
48203642515398,
48420213557415,
48421092144123,
48503762729149,
48537178206824,
48570821592883,
48586879777076,
48659894604072,
48709747931749,
48818424023215,
48889055355812,
48991221315339,
49004593083755,
49113188523239,
49169633974735,
49278820832771,
49537889828872,
49636344107471,
49737778737509,
49796278094335,
49987505408192,
50029272201990,
50051263541908,
50405410092750,
50445887731894,
50772117481194,
50862176464525,
50923567165813,
50956121224566,
51007782482794,
51177921588331,
51183244334974,
51402198094217,
51440362711768,
51870069332803,
51909087579174,
52014101622390,
52089787033075,
52337635580745,
52405959262739,
52408655566176,
52658154237546,
52868796449594,
52929648368192,
52962549996626,
52975704728303,
53016461181349,
53095996001793,
53374824037857,
53378491018702,
53388065262045,
53588122130967,
53612027390171,
53623954706035,
53762087038747,
53826026186738,
53864786141336,
53865344235897,
53867065983674,
53879716148973,
53889722113027,
53935461823233,
53983713924125,
53984105208170,
54001808204935,
54005227718459,
54095220554617,
54245255745758,
54328354972398,
54404428504390,
54412269974736,
54422830423854,
54587673540803,
54592912457006,
54604650666862,
54625411925250,
54629344518172,
54635648824303,
54662060053815,
55064342603049,
55160001369581,
55227434983601,
55536810237968,
55587178262598,
55716876259380,
55874460164500,
55919255533034,
56083036178256,
56240427529533,
56421809154726,
56445324935958,
56607959798022,
56681437701095,
56860275774125,
56892853548617,
57099074269061,
57099872711616,
57228981235106,
57264773512345,
57282488750870,
57343109945503,
57432862603688,
57453260005506,
57467860252541,
57615516877997,
57706101333927,
57755980767078,
57904051876545,
58597990701606,
58605395335577,
58768045041637,
58903851996659,
59075188457345,
59353562310025,
59483086172713,
59560096695220,
59582852441232,
59652746002331,
59798657608451,
59844717358656,
59897321152956,
59903249893955,
59921161874981,
59927170281432,
60060317790725,
60202039805582,
60288057930908,
60298480277259,
60323703341907,
60345918755697,
60348647871597,
60392909210750,
60427179169404,
60514839737384,
60607907307183,
60630741193911,
60647392774660,
60749123756562,
60879556112801,
60929652081199,
61015331394869,
61102968733333,
61113931336497,
61362533704760,
61488703268291,
61611325913327,
61624642292007,
61730445970289,
61733551416815,
61871357956843,
62134388344919,
62265176655058,
62879052815147,
62936994594160,
63173799150513,
63220427277322,
63237999364297,
63257497029589,
63311969682589,
63447153725166,
63505566411374,
63621924877960,
63916368942849,
63971085297384,
64018798578686,
64276364377187,
64440757289853,
64465385447085,
64744087373858,
64751676153333,
64804479315405,
64877860587084,
64890559215698,
65310807776866,
65514733379202,
65683420691040,
65754160328953,
65898878092283,
66059971535970,
66130477396176,
66154656216330,
66201337598096,
66213790646887,
66228778848077,
66388230045674,
66428057242316,
66574114114592,
66595459124868,
66598233281493,
66603786707404,
66827384570553,
67020824696481,
67109321853974,
67152259372487,
67331518321852,
67400604822574,
67523968709619,
67583162979570,
67665926418188,
67773460825633,
68013498244785,
68022790805414,
68582048797961,
68751155687005,
68817563584460,
68903376522647,
68966966097268,
69011801599645,
69020380518665,
69243801542817,
69444443533451,
69487692661374,
69515257666359,
69596408766466,
69598280387040,
69628131400209,
69734623040375,
69781618668892,
69911244684218,
69911753012953,
70068371041561,
70315286620558,
70396937274087,
70469853091465,
70513400751907,
70736897224331,
70844315257625,
70907984515365,
70964025463511,
71003261048530,
71288706877276,
71346188208087,
71347714314917,
71474868511354,
71499572314136,
71527564213738,
71659129909928,
72047113252879,
72145296889200,
72306703118556,
72368191816724,
72457032810659,
72887000452502,
73230723576811,
73358023505898,
73398143808405,
73406446745755,
73481172490965,
73490170339463,
73557131412561,
73612619691378,
73638910817486,
73785316236613,
73910468296872,
73925201341860,
74047911904563,
74174022197465,
74253394338482,
74346247768190,
74596792551937,
74622139005232,
74731395552972,
74791636796733,
74798914874103,
74841047516520,
74925858102005,
74927433912794,
74953937900938,
75068036820221,
75140173749651,
75189072137421,
75254721262974,
75270622377126,
75328067401330,
75487239889476,
75642191629026,
75732835770022,
75884089487226,
76087344822870,
76161117574938,
76219270747532,
76359630652210,
76499859577021,
76619163031750,
76776955667836,
77087311673867,
77145590367796,
77169447817823,
77292718355120,
77491435974905,
77518404220322,
77763078430678,
78062051676055,
78115743263102,
78173240321426,
78318982112013,
78381493653828,
78516680495666,
78703264742592,
78796532209168,
79038709365519,
79088270005785,
79088613631172,
79373797298041,
79457697296225,
79476741592731,
79488035461644,
79611323537852,
79624998542241,
79769581100766,
79807650804109,
79810802495470,
79818911273526,
80143864369851,
80158564820227,
80201632785759,
80259157037968,
80587012468159,
80650045124309,
80790721950663,
80852704490762,
81346190708343,
81438733849653,
81652036932134,
81681482263262,
81877387556781,
82102334162053,
82462064642913,
82504489472304,
82847180266143,
83038006417915,
83048713228978,
83329109879111,
83443277929478,
83457363981478,
83464344682570,
83531171341577,
83583106144292,
83658169420911,
83659420760481,
83666464083074,
83784483417975,
84034468605316,
84339428635156,
84413277644724,
84505344589177,
84525582172608,
84705420997277,
84940530086991,
85094318835650,
85167803901482,
85180571964913,
85270597609578,
85271139090608,
85345408731981,
85350039364492,
85445694972721,
85573865220943,
85663512308185,
85804560286111,
85805394130810,
86090384841992,
86122272982320,
86302425301028,
86430935739404,
86781581948908,
86839158619023,
87110551919359,
87160036643665,
87296275711507,
87313236115138,
87460627043617,
87548873865764,
87581771753274,
87599517404839,
87624569080306,
87751474296762,
87761102397180,
87784564749359,
87804629063006,
87824650514118,
87838879871414,
87881778484575,
87911644315241,
87974874277776,
87989990209873,
88027591675322,
88037851694806,
88091681461147,
88335019990476,
88412024620840,
88430029071855,
88596339547653,
88635750737385,
88647771029051,
88683872903519,
88848282909116,
89044796916068,
89045561423698,
89236986396969,
89248864568448,
89343639741879,
89433781719286,
89445169288317,
89471093654239,
89537820670635,
89823948212919,
90071537924700,
90143471805336,
90218687350340,
90274471819677,
90380075028125,
90770798857858,
90862583333705,
90923326117838,
90956154487660,
90989648341345,
91017698189735,
91024358065579,
91301650832743,
91400602637026,
91683681208539,
91686508442433,
91809753100825,
91882351934942,
91918328448615,
91995227518803,
92102334438732,
92177932905549,
92180117731548,
92240903648813,
92525737466243,
92784304557562,
93086101643439,
93122824156996,
93128354676357,
93175555464936,
93215669672857,
93411325927859,
93769523816171,
93808348462621,
93830134544583,
93951774622199,
94069879670008,
94247234453369,
94321616496605,
94370454362742,
94494541048213,
94675084719211,
94707753495160,
94843278066205,
94912823231631,
94943160042158,
94977968488482,
94980875674475,
95078567522110,
95086242263843,
95209653338826,
95210536412740,
95231563768074,
95283623375319,
95443595845377,
95467905587053,
95640597926671,
95709032518205,
95766920325353,
95788464155126,
95839534453431,
96282843720951,
96319425702873,
96529456880291,
96557973103796,
96723453329910,
96760891348395,
96827107699729,
96910254559023,
97148571579968,
97286467132896,
97287667188291,
97390061122945,
97456038019778,
97529645642072,
97737367509333,
97747930120297,
98096973827593,
98108618778873,
98173372141244,
98185445918827,
98234096722516,
98315357366582,
98351597603938,
98372262818404,
98408416432766,
98527846983818,
98528042437131,
98544109683889,
98557002641289,
98689976574058,
98733944252511,
98955355563905,
99195313521888,
99199012223838,
99242101316084,
99250009348205,
99256639967238,
99284145087846,
99317905576924,